user_id,requested_channel
1,0
2,0
3,0
4,0
5,0
6,0
7,0
8,1
9,1
10,1
11,1
12,1
13,1
14,2
15,2
16,2
17,2
18,2
19,2
20,3
21,3
22,3
23,3
24,3
25,3
26,3
27,3
28,4
29,4
30,4
31,4
32,4
33,4
34,4
35,4
36,4
37,4
38,4
39,4
40,4
41,4
42,4
43,4
44,4
45,4
46,4
47,4
48,4
49,4
50,4
51,4
52,4
53,4
54,4
55,4
56,4
57,4
58,4
59,4
60,4
61,4
62,4
63,4
64,4
65,4
66,4
67,4
68,4
69,4
70,4
71,4
72,4
73,4
74,4
75,4
76,4
77,4
78,4
79,4
80,4
81,4
82,4
83,4
84,4
85,4
86,4
87,4
88,4
89,4
90,4
91,4
92,4
93,4
94,4
95,4
96,4
97,4
98,4
99,4
100,4
